7.260,***, (0.467)
 , , 
-0.098, , (0.079)
-0.131,***, (0.048)
0.302, ,(0.209)
0.357, ***, (0.071)
0.028, ,(0.045)
238.114, ***, (52.233)
784, , 
0.300, , 
0.295, , 
55.481, ***, (df = 6; 777)
==============================================2
,,
-0.014, ***, (0.004)
0.002, ***, (0.001)
0.003, ***, (0.0005)
0.001, ,(0.002)
-0.002, ***,(0.001)
-0.0003,,(0.0004)
12.470,***,(0.438)
784,,
0.085,,
0.078,,
11.994,***,(df = 6; 777)
==============================================3
-0.201, ,(0.290)
,,
-0.156, ** ,(0.067)
-0.010, ,(0.032)
-0.108, ,(0.142)
0.174, ***, (0.058)
-0.063, *, (0.038)
313.727, ***, (43.038)
784, , 
0.081, , 
0.074, , 
11.430, ***, (df = 6; 777)
==============================================4
,,
0.001,,(0.001)
0.001,***,(0.0002)
0.0002,,(0.0001)
0.0001,,(0.001)
0.0001,,(0.0002)
-0.0002,,(0.0001)
6.779,***,(0.133)
784,,
0.119,,
0.112,,
17.465,***,(df = 6; 777)
==============================================5
0.001, ,(0.001)
,,
0.001,***, (0.0002)
0.0002, ,(0.0001)
0.0001, ,(0.001)
0.0001, ,(0.0002)
-0.0002, ,(0.0001)
6.779, ***, (0.133)
784, , 
0.119, , 
0.112, , 
17.511, ***, (df = 6; 777)
==============================================6
,,
-0.149,,(0.239)
-0.157,**,(0.067)
-0.010,,(0.032)
-0.109,,(0.142)
0.172,***,(0.058)
-0.064,*,(0.038)
314.671,***,(42.945)
784,,
0.081,,
0.074,,
11.425,***,(df = 6; 777)
==============================================7
-0.006, ,(0.005)
,,
0.002, *** ,(0.001)
0.003, *** ,(0.0005)
0.001, ,(0.002)
-0.002, ***,(0.001)
-0.0004, ,(0.0004)
12.412, *** ,(0.438)
784, , 
0.074, , 
0.067, , 
10.340,***, (df = 6; 777)
==============================================8
,,
6.103,***,(0.383)
-0.089,,(0.079)
-0.132,***,(0.047)
0.373,*,(0.208)
0.369,***,(0.071)
0.029,,(0.045)
223.533,***,(52.058)
784,,
0.309,,
0.303,,
57.858,***,(df = 6; 777)
